[1, -25.325022444744448, -18.910244652970754, 7.445442416402557, -4.333884632099817, -38.34886938819313, 44.68325977924911, -18.85197492477182, -19.217581927107208, -5.99130591515388, -42.75038542477261, 39.21641724976254, 25.991296901008553, -1.7570549368093324, 2.417098781266901, 12.377498130863984, -27.293029039722448]
[1, -25.325022444744448, -18.910244652970754, 7.445442416402557, -2.5933735248190315, -38.34886938819313, 40.351190849081114, -18.85197492477182, -19.217581927107208, -5.99130591515388, -37.15546133731513, 39.21641724976254, 25.991296901008553, -1.9165527743240216, 1.8442216031069325, 7.737970234811069, -27.660698709394758]
[1, -20.752741940618648, -18.910244652970754, 7.445442416402557, -2.5933735248190315, -38.34886938819313, 40.351190849081114, -18.85197492477182, -8.299774428178827, -7.24205429931334, -14.976056989527017, 52.23908215945025, 25.991296901008553, -1.9165527743240216, 2.4131073374220597, 10.170775990332144, -38.01192106636351]
[1, -17.79818982889727, -14.795671741530892, 5.334576344272287, -1.7685574668363881, -46.2450759275019, 33.49321016021995, -11.492258584128429, -4.977724159665154, -10.206681116722585, -9.760773892610514, 33.33084703097683, 22.347496503126962, -2.922547189542694, 2.4120392240900115, 7.7057022781015885, -49.578729950197896]
[1, -26.121732912509046, -10.338226196855494, 3.708747767397872, -2.7662552034274026, -11.479504617019614, 29.4744225806254, -8.969000912038766, -3.996541408944776, -10.346985974058517, -9.553775912758574, 26.474880374643796, 18.577959897090413, -2.9298351924065678, 3.6009889370411607, 9.4934886895279, -67.20247555597147]
[1, -8.238214434348333, -9.3668969031452, 3.528210111584222, -2.645308917580335, -14.994881981338654, 46.17418916018036, -9.598655074658986, -7.543150477156621, -12.564782332897641, -12.777803755899889, 18.85249071361714, 22.99364114881871, -3.9964805273389947, 3.743501738248465, 11.440635989803926, -39.58794151857522]
[1, -13.277273363103767, -13.631355622946028, 3.155210218324901, -2.5265413105829335, -4.154882276047232, 60.20126299408659, -2.9733761878960587, -3.148208462048161, -19.339888115801404, -16.53057227071708, 12.659252652499028, 18.348255408427907, -0.555762292935424, 4.636306151872547, 11.946979275167687, -32.94866383596409]
[1, -17.31036910959291, -1.0470689519604885, 2.8820879533071713, -2.772126122437444, -4.468054999059919, 31.207129856279398, -1.887168708819096, -1.8478466281126502, -8.526973193691367, -4.302051442155719, 18.683239881830517, 14.872091443469428, -0.42254009041514795, 2.539684996676876, 13.215904835701966, -39.619665323888995]
[1, 0.7344267698206046, -1.9808667694622617, 1.700673689179824, -4.102453662320573, -2.8111564884430638, 41.42050569993838, -2.7683308806320803, -0.41893846073755814, -10.435078045727606, -3.5839131470630083, 36.44141294129926, 20.67041295164097, -0.1414934379882125, 3.4873852903772957, 17.271721266940133, -50.261427367215276]
[1, 0.4069568921275387, -2.177657110658802, 2.5697815295364985, -4.400636897313338, -3.0009612988982997, 33.29088392607919, -3.242430217602548, -0.21479856071612524, -15.225537332054186, -3.010723030524847, 34.95440213712343, 18.80076093190514, -0.11092051027698421, 1.9034285190409697, 16.98478649427843, -11.126803085460466]
[1, 0.31197243831525123, -3.261791062669613, 3.211004026978704, -5.57518048436168, -2.2065299198780792, 45.50477665995384, -1.8829785725049053, -0.35980458540744953, -18.965999073608145, -1.6781610172695007, 35.24875326639547, 20.650087608339827, -0.09314422613087918, 2.203449238315122, 17.880986222550803, -8.694492179122442]
[1, 0.43765755116906196, -2.1927651370436134, 2.6187874679251095, -4.587467463189785, -3.138156433544561, 40.04716174204536, -3.558336522228094, -0.26315921838017386, -16.469694469505413, -2.370812054998399, 39.4464106616723, 19.347804855492225, -0.0734859173953535, 1.4079708045910244, 14.967441966988094, -7.373645101046893]
[1, 0.40109098156903045, -2.4896576195478852, 2.6265546773386226, -3.3420607744454385, -1.9376442649401122, 17.078479655157246, -3.306783251129964, -0.04162489035027314, -20.081369048370043, -4.609745033563119, 37.658249794690384, 17.602474152426844, -0.14786125230186653, 1.5566885157019692, 11.793216396371735, -15.35954866461182]
[1, 0.590235442892499, -1.2838843382958023, 2.512380964497644, -5.871866502299458, -3.709350255820383, 38.60707214740958, -3.7440333541349187, -0.17744738768555787, -23.007015394329102, -3.658766549496891, 35.62435051361375, 10.602383478647836, -0.1389413742007589, 1.120796270278436, 11.827785104248917, -10.386486737575574]
[1, -23.54518694270279, -0.9762975098710092, 4.108576589082529, -1.719762559070852, -4.269813661664879, 32.50793255099912, -1.8787166190685856, -1.399884567644734, -4.426564716299887, -4.205468809124605, 18.227630382326222, 14.657450314763562, -0.38812188612976545, 2.474805187985567, 8.31843559170493, -42.70283086379303]
[1, -23.225919348133687, -1.5715097488977978, 4.317398514609909, -2.696904821530699, -4.434977980827205, 22.436662336637383, -1.6772950929836246, -1.6122648951287775, -12.542580520718273, -2.523438053590584, 18.20176058021271, 13.592479955942874, -0.48219509021764084, 2.897905385008011, 16.675556367834197, -42.333529381934156]
[1, -26.38611175388285, -1.2615293816258644, 4.213701382947963, -2.619113835580554, -4.068892013970928, 26.65240895053857, -1.9758386651798772, -1.4087329987946493, -13.136019971161844, -3.4155244148548, 21.27094102318309, 14.361300194008821, -0.49728653414101104, 4.659899575020402, 15.507672758423722, -30.610380617214076]
[1, -18.53341319688236, -0.8219475924979506, 2.2963243078751745, -2.12995591256858, -5.172858499022022, 16.968696086066522, -1.4114154156601832, -1.0770153231601682, -12.082107075648503, -2.1421765673156354, 18.795280713849472, 14.66617744870164, -0.39348099194405034, 4.819134378406117, 17.67588494142681, -31.470563592117514]
